# Blender v2.80 (sub 75) OBJ File: 'turbine blade.blend'
# www.blender.org
v -39.744404 0.597584 -0.027233
v -39.744404 0.598955 -0.023913
v -39.744404 0.769154 -0.032546
v -39.744404 0.772237 -0.025075
v -0.006792 -0.266602 0.165016
v -0.006792 -0.248190 0.192800
v -0.006790 0.237481 -0.168326
v -0.006792 0.255893 -0.140543
v -3.181314 0.801712 -0.202847
v -8.540606 0.902411 -0.085689
v -19.472443 0.918819 -0.063469
v -19.472443 0.921890 -0.030264
v -8.540606 0.906904 -0.052661
v -3.181314 0.812164 -0.171438
v -19.472443 -0.722716 0.071750
v -8.540606 -1.450813 0.134040
v -3.181314 -0.632438 0.228639
v -3.181314 -0.621986 0.260048
v -8.540606 -1.446320 0.167069
v -19.472443 -0.719645 0.104955
v -35.308479 0.873772 -0.067954
v -35.308475 0.206930 0.032570
v -35.308479 0.878156 -0.018147
v -35.308479 0.204008 -0.000635
v -39.744404 0.715287 -0.033068
v -39.744404 0.719626 -0.022553
v -0.004528 0.062823 -0.085968
v -0.004526 0.111921 -0.011879
v -3.181314 0.394965 0.005913
v -8.540606 0.203358 0.063203
v -19.472443 0.431024 0.060357
v -19.472443 0.418740 -0.072463
v -8.540606 0.185387 -0.068909
v -3.181314 0.353158 -0.119723
v -35.308479 0.667496 -0.094414
v -35.308475 0.679674 0.043940
v -0.649935 0.374636 -0.151925
v -0.649937 -0.379887 0.202519
v -0.649937 0.357843 -0.180447
v -0.649937 -0.363094 0.231040
v -0.649937 0.177154 0.006449
v -0.649937 0.109980 -0.107637
v -4.464113 0.908773 -0.182572
v -4.464113 0.916750 -0.150254
v -4.464112 -0.886937 0.215445
v -4.464111 -0.878960 0.247762
v -4.464112 0.354799 -0.110913
v -4.464111 0.386708 0.018358
v -39.744404 0.650122 -0.029939
v -39.744404 0.590505 -0.025427
v -39.744404 0.758846 -0.023156
v -39.744404 0.772675 -0.028848
v -38.816467 0.857744 -0.079731
v -0.092293 0.277419 -0.146332
v -0.005304 0.252954 -0.158555
v -0.004915 0.187277 -0.154361
v -0.004917 -0.090994 0.108385
v -0.005302 -0.287575 0.199110
v -0.092293 -0.314877 0.191293
v -38.816467 0.407487 0.015033
v -1.910690 0.579796 -0.191817
v -5.864067 0.902486 -0.133673
v -12.925353 0.914055 -0.065882
v -27.943611 0.903275 -0.027665
v -12.925353 0.917525 -0.032699
v -3.838665 0.907158 -0.171897
v -27.943611 -0.197727 0.033578
v -12.925353 -1.224594 0.101922
v -3.838665 -0.713189 0.231466
v -1.910688 -0.492497 0.245681
v -5.864067 -1.231876 0.209907
v -12.925352 -1.221123 0.135105
v -3.181314 -0.129806 0.144362
v -8.540606 -0.650594 0.124126
v -19.472443 -0.164631 0.090603
v -19.472443 -0.173459 -0.004861
v -8.540606 -0.663511 0.029170
v -3.181314 -0.159855 0.054061
v -3.181313 -0.805822 0.298081
v -8.540606 -1.741640 0.177920
v -19.472443 -0.925620 0.105193
v -19.472443 0.962146 -0.050309
v -8.540607 0.964568 -0.074769
v -3.181313 0.843450 -0.198128
v -27.943613 0.900151 -0.062946
v -27.943611 -0.194785 0.066783
v -38.816467 0.864432 -0.003751
v -38.816467 0.404544 -0.018403
v -35.308479 0.893034 -0.044553
v -35.308475 0.426760 -0.051961
v -35.308475 0.435224 0.044195
v -35.308475 0.121965 0.023318
v -39.744404 0.754398 -0.033936
v -39.744404 0.652900 -0.023206
v -0.004917 -0.127178 0.053783
v -0.004915 0.223462 -0.099759
v -3.181314 0.694830 -0.103742
v -8.540606 0.702510 -0.002218
v -19.472443 0.779252 0.012852
v -19.472443 0.770424 -0.082612
v -8.540606 0.689593 -0.097174
v -3.181314 0.664781 -0.194043
v -35.308475 0.811655 -0.093160
v -35.308479 0.821398 0.017523
v -27.943611 0.576221 0.050271
v -38.832329 0.716932 -0.100856
v -5.864067 0.246937 -0.088842
v -12.925353 0.263330 -0.065007
v -27.943611 0.564395 -0.083240
v -12.925352 0.277212 0.067725
v -3.838665 0.434178 0.007632
v -0.091997 0.128636 0.004298
v -38.832329 0.729475 0.041648
v -1.910690 0.231591 -0.113759
v -0.001129 0.087682 -0.048914
v -39.744404 0.719146 -0.027843
v -1.910688 0.593420 -0.161851
v -1.910690 -0.506121 0.215714
v -0.092293 0.259094 -0.174406
v -0.092293 -0.296552 0.219367
v -1.910688 0.286090 0.006106
v -0.091999 0.058917 -0.102597
v -0.649937 0.276701 -0.173237
v -0.649937 0.324983 -0.091238
v -0.649937 -0.463368 0.264475
v -0.649937 -0.099212 0.128968
v -0.649937 -0.147493 0.046968
v -0.649937 0.385021 -0.175936
v -3.838665 0.898224 -0.203964
v -5.864067 0.908770 -0.100999
v -5.864066 -1.238160 0.177233
v -3.838665 -0.704255 0.263533
v -3.838665 0.398442 -0.120637
v -5.864067 0.272075 0.041854
v -4.464112 0.765045 -0.084673
v -4.464111 0.742111 -0.177587
v -4.464112 0.958478 -0.176546
v -4.464110 -1.106588 0.281173
v -4.464111 -0.290423 0.051273
v -4.464112 -0.267488 0.144186
v -39.744404 0.757014 -0.028554
v -0.092144 0.282541 -0.169461
v -0.001656 -0.111489 0.083063
v -38.824394 0.351230 0.003137
v -0.092072 -0.141008 0.045877
v -38.828362 0.561546 0.031885
v -1.910688 -0.114472 0.136699
v -5.864067 -0.505971 0.135964
v -12.925352 -0.498528 0.109773
v -27.943611 0.168818 -0.029712
v -12.925352 -0.508506 0.014372
v -3.838665 -0.179561 0.054945
v -1.910688 -0.634551 0.281452
v -5.864066 -1.501617 0.232290
v -12.925352 -1.489209 0.139412
v -27.943611 0.929666 -0.047736
v -12.925352 0.970237 -0.053562
v -3.838665 0.943715 -0.199016
v -38.824398 0.872370 -0.042734
v -38.828362 0.553290 -0.061908
v -27.943613 0.177281 0.065839
v -27.943611 -0.332999 0.062072
v -27.943613 0.808693 0.011842
v -38.828362 0.815259 -0.104704
v -3.838665 0.747002 -0.195428
v -12.925352 0.721217 -0.082115
v -27.943611 0.800070 -0.085524
v -12.925352 0.731195 0.013285
v -5.864067 0.724900 -0.042806
v -1.910688 0.509930 -0.097631
v -38.828362 0.826963 0.028260
v -0.092072 0.192686 -0.166844
v -0.001656 0.206094 -0.127446
v -39.744404 0.654492 -0.026628
v -1.910690 0.470759 -0.183784
v -0.092072 0.243020 -0.089676
v -0.092146 -0.375546 0.249812
v -0.092072 -0.090674 0.123046
v -1.910690 -0.153643 0.050547
v -1.910690 0.614254 -0.187209
v -3.838665 0.772687 -0.103235
v -5.864067 0.706833 -0.136744
v -5.864065 0.960126 -0.125251
v -3.838667 -0.909410 0.301728
v -5.864066 -0.524039 0.042026
v -3.838665 -0.153876 0.147137
s off
f 25 116 141 93
f 116 26 51 141
f 141 51 4 52
f 93 141 52 3
f 39 128 142 119
f 128 37 54 142
f 142 54 8 55
f 119 142 55 7
f 27 115 143 95
f 115 28 57 143
f 143 57 6 58
f 95 143 58 5
f 24 92 144 88
f 92 22 60 144
f 144 60 2 50
f 88 144 50 1
f 42 122 145 127
f 122 27 95 145
f 145 95 5 59
f 127 145 59 38
f 36 113 146 91
f 113 26 94 146
f 146 94 2 60
f 91 146 60 22
f 41 121 147 126
f 121 29 73 147
f 147 73 18 70
f 126 147 70 40
f 48 134 148 140
f 134 30 74 148
f 148 74 19 71
f 140 148 71 46
f 30 110 149 74
f 110 31 75 149
f 149 75 20 72
f 74 149 72 19
f 35 109 150 90
f 109 32 76 150
f 150 76 15 67
f 90 150 67 24
f 32 108 151 76
f 108 33 77 151
f 151 77 16 68
f 76 151 68 15
f 47 133 152 139
f 133 34 78 152
f 152 78 17 69
f 139 152 69 45
f 38 125 153 118
f 125 40 70 153
f 153 70 18 79
f 118 153 79 17
f 45 138 154 131
f 138 46 71 154
f 154 71 19 80
f 131 154 80 16
f 16 80 155 68
f 80 19 72 155
f 155 72 20 81
f 68 155 81 15
f 21 89 156 85
f 89 23 64 156
f 156 64 12 82
f 85 156 82 11
f 11 82 157 63
f 82 12 65 157
f 157 65 13 83
f 63 157 83 10
f 43 137 158 129
f 137 44 66 158
f 158 66 14 84
f 129 158 84 9
f 3 52 159 53
f 52 4 87 159
f 159 87 23 89
f 53 159 89 21
f 25 106 160 49
f 106 35 90 160
f 160 90 24 88
f 49 160 88 1
f 31 105 161 75
f 105 36 91 161
f 161 91 22 86
f 75 161 86 20
f 15 81 162 67
f 81 20 86 162
f 162 86 22 92
f 67 162 92 24
f 12 64 163 99
f 64 23 104 163
f 163 104 36 105
f 99 163 105 31
f 3 53 164 93
f 53 21 103 164
f 164 103 35 106
f 93 164 106 25
f 43 129 165 136
f 129 9 102 165
f 165 102 34 133
f 136 165 133 47
f 11 63 166 100
f 63 10 101 166
f 166 101 33 108
f 100 166 108 32
f 21 85 167 103
f 85 11 100 167
f 167 100 32 109
f 103 167 109 35
f 13 65 168 98
f 65 12 99 168
f 168 99 31 110
f 98 168 110 30
f 44 130 169 135
f 130 13 98 169
f 169 98 30 134
f 135 169 134 48
f 37 117 170 124
f 117 14 97 170
f 170 97 29 121
f 124 170 121 41
f 23 87 171 104
f 87 4 51 171
f 171 51 26 113
f 104 171 113 36
f 39 119 172 123
f 119 7 56 172
f 172 56 27 122
f 123 172 122 42
f 7 55 173 56
f 55 8 96 173
f 173 96 28 115
f 56 173 115 27
f 1 50 174 49
f 50 2 94 174
f 174 94 26 116
f 49 174 116 25
f 9 61 175 102
f 61 39 123 175
f 175 123 42 114
f 102 175 114 34
f 8 54 176 96
f 54 37 124 176
f 176 124 41 112
f 96 176 112 28
f 5 58 177 59
f 58 6 120 177
f 177 120 40 125
f 59 177 125 38
f 28 112 178 57
f 112 41 126 178
f 178 126 40 120
f 57 178 120 6
f 34 114 179 78
f 114 42 127 179
f 179 127 38 118
f 78 179 118 17
f 9 84 180 61
f 84 14 117 180
f 180 117 37 128
f 61 180 128 39
f 14 66 181 97
f 66 44 135 181
f 181 135 48 111
f 97 181 111 29
f 10 62 182 101
f 62 43 136 182
f 182 136 47 107
f 101 182 107 33
f 10 83 183 62
f 83 13 130 183
f 183 130 44 137
f 62 183 137 43
f 17 79 184 69
f 79 18 132 184
f 184 132 46 138
f 69 184 138 45
f 33 107 185 77
f 107 47 139 185
f 185 139 45 131
f 77 185 131 16
f 29 111 186 73
f 111 48 140 186
f 186 140 46 132
f 73 186 132 18
